30 50
7
4 1
3 2
3 2 7
2 1 2 3 3
2 1 1 2 1 1
1 1 2 1 1 1
1 6 1 1 1
1 1 2 10 3
4 2 1 1 1 1 1 1
1 2 2 1 1 2 1 1 1
1 1 3 3 2 1 1 1 1
1 1 1 7 1 2 1 1 1
1 1 8 1 3 2 1 1 1
1 1 3 1 1 1 1 1 1 1
1 1 9 1 1 1 1
2 1 9 1 1
1 1 1 1 1
1 1 1 1 1
1 1 1 1 1
1 1 1 3
1 1 1 1
1 1 1 1
1 5 1 1 5 1
1 1 1 1 1 1 2 1
1 1 1 1 1 1 1 1
1 1 1 1 1 1 1 1
4 6 5 5
0
0
5
1 1
5 1
2 2 1
2 17
2 1
4 1
3 2 1
2 1 1 1
2 1 2 4
1 2 5 1
1 1 2 3 1
1 1 2 1 1 5
1 2 1 1 1 1
2 2 1 1 1 1
3 1 1 1 1
2 1 1 1 1
1 1 1 1 1
2 1 11
1
1
1
1
1
1
1
1
1
5 4
1 1 1
1 3 2 11
1 1 1 1 1 1
1 1 1 2 1 1
1 1 1 1 1
1 1 2 1 1
1 1 1 2 1 1
1 3 1 1 4
1 1 1 1
1 1 1 2
1 5 5
1 1 1
1 1
1 1
1 1
21
1 1
1 1
11
0
0
00000001111111000000000000000000000000000000000000
00000011110000100000000000000000000000000000000000
00000111000000110000000000000000000000000000000000
00001110000000011000000000000000011111110000000000
00011010000000011000000000000011100000001110000000
00110001000000100110000000000100000000000001000000
00100001000001100010000000001000000000000000100000
00100000111111000100000000001000000000000000100000
00100000001000011000000000001111111111000000111000
11110000000001100000000000001010000010100000100100
10011000000110000000000000001010000110010000100100
10001000001110000000000001110001101000010000100100
10001000001000000011111110001000011000010000100100
10001000001111111100000000001011100110010000100100
01001000011100000000000000001010100100010000100100
00101000011111111100000000001000000000100000100100
00011000000000000010000000000111111111000000100100
00001000000000000010000000000010000000000000100100
00001000000000000010000000000010000000000000100100
00001000000000000010000000000010000000000000100100
00001000000000000010000000000010000000000000111000
00001000000000000010000000000010000000000000100000
00001000000000000010000000000010000000000000100000
00001000111110000010000000000010000011111000100000
00001000010010000010000000000010000010110000100000
00001000010010000010000000000010000010010000100000
00001000010010000010000000000010000010010000100000
00000111100011111100000000000001111100011111000000
00000000000000000000000000000000000000000000000000
00000000000000000000000000000000000000000000000000