29 44
7
9
10
2 4
7 4
9 7
11 8
22
2 14
1 6 4
2 5 5
10 11
21
5 12
12
1 8
8 6
11 4 1
14 3
21
9 11
11 10
2 10 9
2 12 4 2
2 12 3 3
3 10 6 2
3 8 11
6 3 4 4
5 4
0
0
0
0
0
0
0
0
3
5
1 2
2 2 1
2 7
5 10
3 2 10
7 2 12
8 2 12
3 4 3 13
3 4 3 13
3 4 3 11 1
3 4 3 4 7
3 5 3 4 5 1
4 4 2 1 5 2 2
4 4 12 2
4 4 3 12
13 12
13 11
13 5 4
13 4 3 1
4 7 6 2
4 17
11 5 3
10 5 2
8
6
3
0
0
0
0
0
0
0
0
00000000000000001111111000000000000000000000
00000000000000011111111100000000000000000000
00000000000000011111111110000000000000000000
00000000000000011000001111000000000000000000
00000000000000011111110111100000000000000000
00000000000000111111111011111110000000000000
00000000000001111111111101111111100000000000
00000000000011111111111111111111110000000000
00000000000011000000011111111111111000000000
00000000000001000000000111111001111000000000
00000000000001100000000011111001111100000000
00000000000000111111111101111111111100000000
00000000000000011111111111111111111100000000
00000000000000000111110111111111111000000000
00000000000000000000001111111111110000000000
00000000000000000000000101111111100000000000
00000000000000000111111110111111000000000000
00000000000000011111111111011110100000000000
00000000000001111111111111100011100000000000
00000000000011111111111111111111100000000000
00000000000111111111001111111111100000000000
00000000000111111111110111111111100000000000
00000000011011111111110111111111000000000000
00000000110111111111111011110110000000000000
00000000110111111111111011101110000000000000
00000000111011111111110111111011000000000000
00000000011101111111101111111111100000000000
00000000000001111110111011110111100000000000
00000000000000011111000001111000000000000000