30 200
0
0
3 2 1 1 1 3 3 1 1 3 1 1 1 1 1 1 1 1 1 1 1 1 1 1 1 3 1 1 2 2 3
1 1 1 1 1 2 1 1 1 1 1 1 2 1 1 1 2 1 1 1 1 1 1 1 1 1 1 1 1 2 2 1 1 1 1 1
1 1 1 1 1 1 2 1 3 1 1 3 1 2 2 1 2 1 1 1 1 1 1 4 1 1 1 1 1 4 1 1 3
1 1 1 1 1 1 1 1 1 1 1 1 1 1 1 1 1 1 1 1 1 1 1 1 1 1 1 1 1 1 1 1 1 1 1 1 1
3 1 1 1 1 1 3 1 3 1 1 1 1 1 1 1 1 1 1 1 1 1 1 3 1 1 1 1 2 3
0
0
3 1 1 3 3 3 1 1 3 3 3 3 3 2 3 2 1 1 3 2 2
1 1 1 1 1 1 1 1 1 1 1 1 1 1 1 1 1 1 1 1 1 1 1
1 4 1 4 4 1 1 1 1 1 4 1 1 2 1 1 2 1 1 3 3 3
1 1 1 1 1 1 1 1 1 1 1 1 1 1 1 1 1 1 1 1 1 1 1 1 1
1 1 1 3 3 1 3 2 1 3 1 3 3 2 3 2 2 3 2 2 1
1
0
0
0
0
0
0
0
0
0
0
0
0
0
0
0
0
0
0
0
1 1 1
5 5
1 1 1
0
5
1
4 1
1 1 5
3
1 1
3 5
1 1 1 1
3
2 1
5 1 1 1
1 1 1 1
1 1 2
5
1
1 1
5
1
5
1 1 1
1 1 1
5 3
1 1 1
1 1 1 4
1
2 1
2 4
1
2 1
2 5
1
5
1 1 1
1 1 1
1 1
5 5
1 1 1
1
5 1
5
1
0
5
1
1 1 5
1 1 1 1 1
1 1 1
5 3
1
1 1 1
5 5
1 1
3
1 1 3
3 1 1
1 1 1
4 2
1
1
1
4 1 1
5
1 1
0
4
1
1 3
1 1 1
4 1 1 1
2
5
1 4
1 1
5 1
4
1
1 5
3 1 1 1
1 1 1 1
1
2 1
1 1 1
1 2
1 1
5 2 1
1 1 1 1 1
1 2
0
1
5
1
1
1
5
0
4
1 1
1 1
4
0
5
1 1
3
0
5
1 1 1
1 1 1
0
0
0
0
0
0
0
0
0
0
0
0
0
0
0
0
0
0
0
0
0
0
0
0
0
0
0
0
0
0
0
0
0
0
0
0
0
0
0
0
0
0
0
0
0
0
0
0
0
0
0
0
0
0
0
0
0
0
0
0
0
0
0
0
0
0
0
0
0
0
0
0
0
0
0
0
0
0
0
0
0
0
0
0
0
00000000000000000000000000000000000000000000000000000000000000000000000000000000000000000000000000000000000000000000000000000000000000000000000000000000000000000000000000000000000000000000000000000000
00000000000000000000000000000000000000000000000000000000000000000000000000000000000000000000000000000000000000000000000000000000000000000000000000000000000000000000000000000000000000000000000000000000
00001110001100010010010111000111010001011101001000100101001001001000100010001010010100010001110001000100110011001110000000000000000000000000000000000000000000000000000000000000000000000000000000000000
00000100001010101011010010000100010001010001101000101001101010101000100010001010010010100000100001101101001010101000000000000000000000000000000000000000000000000000000000000000000000000000000000000000
00000100001010101010110010000111001010011101011000110001011010101000100010001011110001000000100001010101111010101110000000000000000000000000000000000000000000000000000000000000000000000000000000000000
00000100001010101010010010000100001010010001001000101001001010101010100010101010010001000000100001000101001010101000000000000000000000000000000000000000000000000000000000000000000000000000000000000000
00001110000100010010010010000111000100011101001000100101001001000101000001010010010001000001110001000101001011001110000000000000000000000000000000000000000000000000000000000000000000000000000000000000
00000000000000000000000000000000000000000000000000000000000000000000000000000000000000000000000000000000000000000000000000000000000000000000000000000000000000000000000000000000000000000000000000000000
00000000000000000000000000000000000000000000000000000000000000000000000000000000000000000000000000000000000000000000000000000000000000000000000000000000000000000000000000000000000000000000000000000000
00001110100101110011100000111001001011100011101110001110011100110000111000011001001011100110011000000000000000000000000000000000000000000000000000000000000000000000000000000000000000000000000000000000
00000100100100100100000000100101001001000001000100001001001001000000010000100001001010001000100000000000000000000000000000000000000000000000000000000000000000000000000000000000000000000000000000000000
00000100111100100111100000111101001001000001000100001111001001011000010000101101001011101110111000000000000000000000000000000000000000000000000000000000000000000000000000000000000000000000000000000000
00000100100100100000100000100101001001000001000100001001001001001000010000100101001010000010001000000000000000000000000000000000000000000000000000000000000000000000000000000000000000000000000000000000
00000100100101110111000100111000110001000011100100001110011100110000111000011000110011101100110010000000000000000000000000000000000000000000000000000000000000000000000000000000000000000000000000000000
00000000000000000000001000000000000000000000000000000000000000000000000000000000000000000000000000000000000000000000000000000000000000000000000000000000000000000000000000000000000000000000000000000000
00000000000000000000000000000000000000000000000000000000000000000000000000000000000000000000000000000000000000000000000000000000000000000000000000000000000000000000000000000000000000000000000000000000
00000000000000000000000000000000000000000000000000000000000000000000000000000000000000000000000000000000000000000000000000000000000000000000000000000000000000000000000000000000000000000000000000000000
00000000000000000000000000000000000000000000000000000000000000000000000000000000000000000000000000000000000000000000000000000000000000000000000000000000000000000000000000000000000000000000000000000000
00000000000000000000000000000000000000000000000000000000000000000000000000000000000000000000000000000000000000000000000000000000000000000000000000000000000000000000000000000000000000000000000000000000
00000000000000000000000000000000000000000000000000000000000000000000000000000000000000000000000000000000000000000000000000000000000000000000000000000000000000000000000000000000000000000000000000000000
00000000000000000000000000000000000000000000000000000000000000000000000000000000000000000000000000000000000000000000000000000000000000000000000000000000000000000000000000000000000000000000000000000000
00000000000000000000000000000000000000000000000000000000000000000000000000000000000000000000000000000000000000000000000000000000000000000000000000000000000000000000000000000000000000000000000000000000
00000000000000000000000000000000000000000000000000000000000000000000000000000000000000000000000000000000000000000000000000000000000000000000000000000000000000000000000000000000000000000000000000000000
00000000000000000000000000000000000000000000000000000000000000000000000000000000000000000000000000000000000000000000000000000000000000000000000000000000000000000000000000000000000000000000000000000000
00000000000000000000000000000000000000000000000000000000000000000000000000000000000000000000000000000000000000000000000000000000000000000000000000000000000000000000000000000000000000000000000000000000
00000000000000000000000000000000000000000000000000000000000000000000000000000000000000000000000000000000000000000000000000000000000000000000000000000000000000000000000000000000000000000000000000000000
00000000000000000000000000000000000000000000000000000000000000000000000000000000000000000000000000000000000000000000000000000000000000000000000000000000000000000000000000000000000000000000000000000000
00000000000000000000000000000000000000000000000000000000000000000000000000000000000000000000000000000000000000000000000000000000000000000000000000000000000000000000000000000000000000000000000000000000
00000000000000000000000000000000000000000000000000000000000000000000000000000000000000000000000000000000000000000000000000000000000000000000000000000000000000000000000000000000000000000000000000000000
00000000000000000000000000000000000000000000000000000000000000000000000000000000000000000000000000000000000000000000000000000000000000000000000000000000000000000000000000000000000000000000000000000000