30 50
0
0
0
3 3
1 1 1 1 1 1
2 1 1 2
1 1 1
4 7 4
3 1 1 1 3
2 2 1 2 2
3 1 1 1 3
3 1 1 1 3
1 1 1 1 1 1 1
1 1 1 1 1 1 1
2 1 13 1 2
2 1 1 1 1 1 1 1 2
1 1 1 1 1 1 1
1 1 1 3 1 1 1
1 1 3 3 1 1
2 1 3 1 2
1 4 4 1
3 3
9
0
0
0
0
0
0
0
0
0
0
0
0
0
5
4 2 1
4 1
2 8 2
4 1 1
2 1 8 1 1
1 1 1 1 1 2
2 1 1 1 1 1
1 1 1 1 1 1
1 1 2 1 1 1
1 1 1 1 1 1
12 1 1
1 1 1 1 1 1
1 1 2 1 1 1
1 1 1 1 1 1
2 1 1 1 1 1
1 1 1 1 1 2
2 1 8 1 1
4 1 1
2 8 2
4 1
4 2 1
5
0
0
0
0
0
0
0
0
0
0
0
0
0
0
0
0
0
0
0
0
0
00000000000000000000000000000000000000000000000000
00000000000000000000000000000000000000000000000000
00000000000000000000000000000000000000000000000000
00000000000011100000111000000000000000000000000000
00000000000101010001010100000000000000000000000000
00000000001100001010000110000000000000000000000000
00000000001000000100000010000000000000000000000000
00000000011110111111101111000000000000000000000000
00000000111001000100010011100000000000000000000000
00000001100110000100001100110000000000000000000000
00000001110100000100000101110000000000000000000000
00000001110100000100000101110000000000000000000000
00000001010100000100000101010000000000000000000000
00000010010100000100000101001000000000000000000000
00000011010111111111111101011000000000000000000000
00000011010100010101000101011000000000000000000000
00000010010100000100000101001000000000000000000000
00000010010010001110001001001000000000000000000000
00000001001001110001110010010000000000000000000000
00000000110100001110000101100000000000000000000000
00000000010011110001111001000000000000000000000000
00000000001110000000001110000000000000000000000000
00000000000001111111110000000000000000000000000000
00000000000000000000000000000000000000000000000000
00000000000000000000000000000000000000000000000000
00000000000000000000000000000000000000000000000000
00000000000000000000000000000000000000000000000000
00000000000000000000000000000000000000000000000000
00000000000000000000000000000000000000000000000000
00000000000000000000000000000000000000000000000000