20 20
0
6
1 1
1 1
1 1
2 2
4 4
1 1 1 1 1 1
1 1 8 1 1
1 1 1 1 1 1
1 1 1 1 1 1
1 2 2 1
1 1
3 8 3
1 1
2 2
1 2 4 2 1
1 1 1 1
5 5
0
3
2 1
1 1 2
2 1 1 1
7 1 1 1
1 1 1 1 1 1
1 3 1 1 1 1
1 1 1 1 2
1 1 1 1
1 1 1 1
1 1 1 1
1 1 1 1
1 1 1 1 2
1 3 1 1 1 1
1 1 1 1 1 1
7 1 1 1
2 1 1 1
1 1 2
2 1
3
00000000000000000000
00000001111110000000
00000010000001000000
00000100000000100000
00001000000000010000
00011000000000011000
00111100000000111100
01001010000001010010
01001011111111010010
10001010000001010001
10001001000010010001
10000110000001100001
01000000000000000010
00111011111111011100
00000100000000100000
00011000000000011000
00100110111101100100
00100001000010000100
00011111000011111000
00000000000000000000