30 30
0
0
14
14
10 1
8 1
1 1 1
1 7
1 1 1
2 1 1
1 1 1 1
1 1 1 1
1 1 7
1 1 1
1 1 1
1 1 1
1 1 1
1 1 1
1 1 1
1 1 1 1
2 1 1
1 1
1 2 1
1 1 1 1
1 1 1 1
1 1 1 1
1 1 1 1
3 3
0
0
0
0
0
0
10
1 1
1 1
1 10
2 2 8
3 1 1
4 1
4 1
4 3 4
4 1 1 1
4 1 1 1
4 1 1 4
4 1 1 1
4 1 1 1
3 2 1 1
2 2 1 4
2 14
1
1
2
0
0
0
0
0
0
000000000000000000000000000000
000000000000000000000000000000
000000011111111111111000000000
000000001111111111111100000000
000000000111111111100010000000
000000000011111111000001000000
000000000100000000100001000000
000000001000011111110000000000
000000001000100000010000000000
000000110000100000001000000000
000001010000100000001000000000
000010010000010000001000000000
000010010000001111111000000000
000010010000000000001000000000
000010010000000000001000000000
000010010000000000001000000000
000010010000000000001000000000
000010010000000000001000000000
000010010000000000001000000000
000010101000000000001000000000
000011001000000000001000000000
000000001000000000001000000000
000000001000011000001000000000
000000001000100100010000000000
000000001000100100010000000000
000000001000100100010000000000
000000001000100100010000000000
000000000111000011100000000000
000000000000000000000000000000
000000000000000000000000000000