43 51
6
3 4
3 4
4 4
1 4 4
1 4 4 4
1 4 3 4 2 1 1
1 5 8 1 2 1
1 15 1 1 2
1 13 1 1
9 1 1 1
2 3 1 1 1
2 3 2 1 1 1
1 2 2 2 1 4
2 2 2 1 1 1 1
2 5 1 1 1 3
1 1 1 5 1 1 1 1
4 1 1 1 3 3 1 1
1 1 3 1 4 1 3 1 1 1
1 1 12 1 1 8 1 1 1
1 1 13 1 13 6
5 14 5 13 1 1
16 12 1 1
20 9 1 1
10 1 1 1 6 1 1
6 2 1 3 1 1
6 3 1 1
6 1 3 1 1
6 3 1
7 1 3 1
6 4 1
8 2 6
6 3 8
6 1
1 1 1
1 3 1
1 1 1 1 1
2 1 1 1 1
4 1 1 1
3 2 1 1
3 2 1 1
6 11
3 10
2
1 1
1 1
1 1
1 1
2 2
1 2 1
3 3
5
6 4
6 4
5 4
5 1 3
3 6 1 1 2
2 2 2 6 3 1 2
1 2 2 1 6 5 1 1
4 3 5 6 8 1
6 1 4 16 1
10 1 1 15 1
1 9 14 1
1 6 11 1
1 5 2 8 2 1
1 1 3 2 1 1 4 1 1
2 1 3 2 1 1 1 1 1
4 1 2 1 1 3 1 1
6 2 1 1 1 1 1 1 2
10 1 1 2 1 1 1 5
8 1 1 1 1 1 1 2 2
6 2 2 2 2 2
4 2 1 1 1 6 2
3 2 1 13 2
2 2 1 13 2
3 6 8 4 2
2 8 2 1 4
6 4 2
6 2
5 1
6
6
3 6
1 2 1 3
1 2 2 5 1
1 1 2 2 2
1 1 3 3 1
3 1 1 2
3 2
1 2 2
3 2 2
2 2
2 2
2 1
000000000000000000000111111000000000000000000000000
000000000000000000111001111000000000000000000000000
000000000000000011100000111100000000000000000000000
000000000000000111100000111100000000000000000000000
000000000000001011110000011110000000000000000000000
000000000000001011110000011110000000000011110000000
000000000000000101111011101111001100000100001000000
000000000000000101111100001111111100000101101000000
000000000000000010111111111111111000000101011000000
000000000000000010111111111111100000000010100000000
000000000000000111111111000000010000000010100000000
000000000000001100011100000000010000000001010000000
000000000000011001110000000001101000000001010000000
000000000000010011000011000001101000000000111100000
000000000000011011000011000100001000000000100100000
000000110000001111100000000010001000000001001110000
000001010000000010000000001111101000000001010001000
001111010000000010000000010000011100000111010001000
010000101110000001000111100000000100011101010001000
100000101111111111110100000010001111111101001010000
100001011111111111110010000011111111111110111111000
011111011111111111111001111100111111111111100101000
000000111111111111111100000001111111111110000010100
000000000111111111111111111110111111111000000010100
000000000000011111111110101010111111000000000001010
000000000000000001111110110100111000000000000001010
000000000000000001111110000000111000000000000000101
000000000000000011111100001001110000000000000000101
000000000000000011111100000001110000000000000000010
000000000000000111111100010001110000000000000000010
000000000000000111111000000001111000000000000000001
000000000000001111111100110011111100000000000000000
000000000000001111110111001111111100000000000000000
000000000000011111100000000000001000000000000000000
000000000000000010000000010000000100000000000000000
000000000000000100000000111000000010000000000000000
000000000100001000000001000100000010000000000000000
000000000110010000000010000100000010000000000000000
000000000111100000000100001000000010000000000000000
000000000111000000011000001000000100000000000000000
000000000011100001100000001000000100000000000000000
000000000001111110000000001111111111100000000000000
000000000000111000000000001111111111000000000000000