30 30
1
1
1 10
1 1 15
2 1 2 13 4
1 1 13 6
1 13 7
1 1 3 6 9
1 1 3 6 9
1 3 7 9
14 9
8 5 9
7 5 9
14 8
13 1 7
14 1 7
8 4 1 6 1
6 1 6 1
5 1 1 5 2
1 2 1 1 5 2
1 1 2 1 3 2 3
6 6 2 5
6 7 9
7 1 10
2 11
1 16
1 16
2 2 16
1 15
1 14
1
1 3
1 1 1 2
3 1 3 2 3
1 1 4 3 1
1 9 1
1 4 5 4 2 2
1 8 2 1
2 10 1 1
13 1
14 1
5 7 1
5 6 1
5 7 2
9 4 7
15 2 5
15 3 5
15 2 2 5
14 1 5
12 1 6
5 8 7
3 6 10
1 15 9
18 8
18 8
16 9
16 9
13 10
10 12
7 14
000100000000000000000000000000
000100000000000000000000000000
000100000000111111111100000000
001010000011111111111111100000
110101100111111111111101111000
001010001111111111111011111100
000100001111111111111011111110
000100010111001111110111111111
000100101110001111110111111111
000000101110011111110111111111
000000111111111111110111111111
000000111111110111110111111111
000000011111110111110111111111
000000011111111111111011111111
000000111111111111101011111110
000001111111111111101011111110
000011111111001111001011111101
000111111000000000001011111101
001111100000000001001011111011
010011000000000001001011111011
010101100000000010011101100111
011111100000011111100110011111
001111110001111111000111111111
000011111110001000001111111111
000000000000001100011111111111
000000100000001111111111111111
000000100000001111111111111111
000011011000001111111111111111
000000100000000111111111111111
000000100000000011111111111111